1 0.5046875 0.6458333333333334 0.01875 0.04722222222222222
1 0.48125 0.5243055555555556 0.0234375 0.04583333333333333
1 0.455859375 0.475 0.03046875 0.03333333333333333
1 0.45390625 0.5125 0.0203125 0.03333333333333333
1 0.483203125 0.48055555555555557 0.02421875 0.025
1 0.42109375 0.4756944444444444 0.03125 0.03194444444444444
1 0.392578125 0.4722222222222222 0.02109375 0.025
1 0.530859375 0.5208333333333334 0.03359375 0.044444444444444446
1 0.447265625 0.59375 0.02421875 0.04027777777777778
1 0.45390625 0.4215277777777778 0.0265625 0.029166666666666667
1 0.4890625 0.4201388888888889 0.03125 0.02638888888888889
1 0.523046875 0.4708333333333333 0.02578125 0.044444444444444446
1 0.412890625 0.42777777777777776 0.02734375 0.030555555555555555
1 0.530078125 0.4083333333333333 0.04609375 0.025
1 0.7375 0.6083333333333333 0.04375 0.044444444444444446