1 0.6635714285714286 0.7937062937062938 0.25 0.4125874125874126
1 0.815 0.3776223776223776 0.12142857142857143 0.317016317016317
1 0.22142857142857142 0.8997668997668997 0.06857142857142857 0.1351981351981352
1 0.4278571428571429 0.15384615384615385 0.17 0.27505827505827507
1 0.26571428571428574 0.06993006993006994 0.10857142857142857 0.12121212121212122
1 0.08714285714285715 0.1386946386946387 0.06857142857142857 0.07692307692307693
1 0.3314285714285714 0.5454545454545454 0.04285714285714286 0.06526806526806526
1 0.23142857142857143 0.7074592074592074 0.054285714285714284 0.1048951048951049
1 0.30357142857142855 0.23076923076923078 0.07285714285714286 0.13986013986013987
1 0.9064285714285715 0.6666666666666666 0.03857142857142857 0.07925407925407925
1 0.425 0.8822843822843823 0.2814285714285714 0.11421911421911422
1 0.6214285714285714 0.28554778554778554 0.11714285714285715 0.1282051282051282
1 0.5728571428571428 0.506993006993007 0.054285714285714284 0.1282051282051282
1 0.7335714285714285 0.3997668997668998 0.05285714285714286 0.11888111888111888
1 0.685 0.3997668997668998 0.027142857142857142 0.08624708624708624
1 0.7135714285714285 0.548951048951049 0.02142857142857143 0.06293706293706294
1 0.49142857142857144 0.40792540792540793 0.022857142857142857 0.21445221445221446
1 0.41714285714285715 0.48717948717948717 0.014285714285714285 0.13053613053613053
1 0.44857142857142857 0.46736596736596736 0.017142857142857144 0.15151515151515152
1 0.3628571428571429 0.4324009324009324 0.03142857142857143 0.053613053613053616
1 0.41285714285714287 0.3776223776223776 0.02857142857142857 0.04195804195804196
1 0.25 0.5093240093240093 0.025714285714285714 0.04895104895104895
1 0.265 0.5303030303030303 0.027142857142857142 0.0675990675990676
1 0.2835714285714286 0.7051282051282052 0.02142857142857143 0.07226107226107226