1 0.4888888888888889 0.5407407407407407 0.05555555555555555 0.1382716049382716
1 0.37569444444444444 0.582716049382716 0.09583333333333334 0.1580246913580247
1 0.28541666666666665 0.7086419753086419 0.05694444444444444 0.12839506172839507
1 0.4618055555555556 0.6962962962962963 0.05138888888888889 0.13333333333333333
1 0.6430555555555556 0.671604938271605 0.044444444444444446 0.12345679012345678
1 0.7215277777777778 0.6246913580246913 0.09027777777777778 0.07407407407407407
1 0.39791666666666664 0.2851851851851852 0.05416666666666667 0.1111111111111111
1 0.5944444444444444 0.47530864197530864 0.025 0.07160493827160494
1 0.7041666666666667 0.5617283950617284 0.019444444444444445 0.03209876543209877
1 0.45694444444444443 0.20246913580246914 0.030555555555555555 0.044444444444444446
1 0.42569444444444443 0.05555555555555555 0.029166666666666667 0.056790123456790124