1 0.9191666666666667 0.38645833333333335 0.08166666666666667 0.13541666666666666
1 0.8475 0.50625 0.045 0.03333333333333333
1 0.9291666666666667 0.6020833333333333 0.07833333333333334 0.041666666666666664
1 0.5883333333333334 0.4708333333333333 0.056666666666666664 0.11666666666666667
1 0.5133333333333333 0.503125 0.08 0.13958333333333334
1 0.8325 0.4322916666666667 0.051666666666666666 0.08125
1 0.8775 0.8041666666666667 0.035 0.04583333333333333
1 0.515 0.6239583333333333 0.09333333333333334 0.04791666666666667
1 0.6975 0.6416666666666667 0.03833333333333333 0.04583333333333333
1 0.6775 0.27291666666666664 0.041666666666666664 0.075
1 0.9216666666666666 0.8145833333333333 0.016666666666666666 0.029166666666666667