1 0.15306122448979592 0.5866666666666667 0.08163265306122448 0.17333333333333334
1 0.3448979591836735 0.5944444444444444 0.07959183673469387 0.11777777777777777
1 0.22448979591836735 0.5777777777777777 0.044897959183673466 0.11555555555555555
1 0.3295918367346939 0.7166666666666667 0.0326530612244898 0.06888888888888889
1 0.14846938775510204 0.72 0.04795918367346939 0.07555555555555556
1 0.017857142857142856 0.5355555555555556 0.0336734693877551 0.11555555555555555
1 0.48775510204081635 0.5566666666666666 0.030612244897959183 0.07333333333333333
1 0.411734693877551 0.6411111111111111 0.015306122448979591 0.12666666666666668
1 0.9698979591836735 0.6811111111111111 0.06020408163265306 0.12222222222222222
1 0.875 0.20444444444444446 0.07244897959183673 0.08888888888888889
1 0.6877551020408164 0.1922222222222222 0.05918367346938776 0.042222222222222223
1 0.5494897959183673 0.2011111111111111 0.04387755102040816 0.05555555555555555
1 0.6290816326530613 0.16111111111111112 0.025510204081632654 0.042222222222222223
1 0.7474489795918368 0.20444444444444446 0.025510204081632654 0.035555555555555556