1 0.3333333333333333 0.6037549407114624 0.06888888888888889 0.1007905138339921
1 0.3283333333333333 0.4644268774703557 0.06555555555555556 0.08695652173913043
1 0.5083333333333333 0.5187747035573123 0.09666666666666666 0.0691699604743083
1 0.6672222222222223 0.5247035573122529 0.07222222222222222 0.05731225296442688
1 0.5972222222222222 0.38438735177865613 0.052222222222222225 0.0691699604743083
1 0.5144444444444445 0.6798418972332015 0.07555555555555556 0.06719367588932806
1 0.4438888888888889 0.48616600790513836 0.04111111111111111 0.06719367588932806
1 0.4172222222222222 0.325098814229249 0.05 0.03359683794466403
1 0.7161111111111111 0.26877470355731226 0.014444444444444444 0.05138339920948617
1 0.3883333333333333 0.46047430830039526 0.03888888888888889 0.08300395256916997
1 0.6627777777777778 0.6600790513833992 0.025555555555555557 0.03162055335968379
1 0.4388888888888889 0.6195652173913043 0.013333333333333334 0.017786561264822136
1 0.35055555555555556 0.25691699604743085 0.01888888888888889 0.02766798418972332
1 0.3022222222222222 0.3231225296442688 0.022222222222222223 0.017786561264822136
1 0.43944444444444447 0.7203557312252964 0.016666666666666666 0.03359683794466403
1 0.3988888888888889 0.6679841897233202 0.011111111111111112 0.02766798418972332
1 0.6611111111111111 0.37450592885375494 0.04666666666666667 0.05731225296442688
1 0.5444444444444444 0.39624505928853754 0.015555555555555555 0.03359683794466403