1 0.34970059880239523 0.3016453382084095 0.0407185628742515 0.10968921389396709
1 0.41317365269461076 0.22212065813528337 0.0407185628742515 0.056672760511883
1 0.1059880239520958 0.3180987202925046 0.058682634730538925 0.1170018281535649
1 0.24850299401197604 0.22760511882998172 0.10419161676646707 0.12248628884826325
1 0.14251497005988023 0.39579524680073125 0.16047904191616766 0.15173674588665448
1 0.474251497005988 0.36380255941499084 0.19161676646706588 0.28153564899451555
1 0.6778443113772455 0.32084095063985374 0.10538922155688622 0.1663619744058501
1 0.5970059880239521 0.5722120658135283 0.05149700598802395 0.08409506398537477
1 0.5173652694610779 0.5548446069469836 0.06467065868263473 0.06398537477148081
1 0.3461077844311377 0.41316270566727603 0.0407185628742515 0.043875685557586835
1 0.8634730538922155 0.45978062157221206 0.04311377245508982 0.10054844606946983