1 0.8340248962655602 0.25296442687747034 0.12448132780082988 0.11462450592885376
1 0.7136929460580913 0.2766798418972332 0.04771784232365145 0.09090909090909091
1 0.8469917012448133 0.3557312252964427 0.021784232365145227 0.07509881422924901
1 0.9009336099585062 0.391304347826087 0.03008298755186722 0.06719367588932806
1 0.02074688796680498 0.58399209486166 0.024896265560165973 0.12055335968379446
1 0.4263485477178423 0.24209486166007904 0.0995850622406639 0.06521739130434782
1 0.4071576763485477 0.4891304347826087 0.032157676348547715 0.07312252964426877
1 0.3215767634854772 0.35276679841897235 0.026970954356846474 0.08498023715415019
1 0.21732365145228216 0.5780632411067194 0.03423236514522822 0.04940711462450593
1 0.1400414937759336 0.5069169960474308 0.056016597510373446 0.06521739130434782
1 0.32987551867219916 0.5009881422924901 0.029045643153526972 0.037549407114624504
1 0.13641078838174273 0.3221343873517787 0.017634854771784232 0.023715415019762844
1 0.39782157676348545 0.33201581027667987 0.025933609958506226 0.07114624505928854
1 0.4528008298755187 0.35079051383399207 0.028008298755186723 0.07312252964426877
1 0.8106846473029046 0.3438735177865613 0.021784232365145227 0.07509881422924901