1 0.05366666666666667 0.5474635861376193 0.03933333333333333 0.0371672526368659
1 0.6838333333333333 0.5060271220492215 0.043666666666666666 0.029633350075339026
1 0.784 0.49196383726770465 0.03 0.03465595178302361
1 0.093 0.5434455047714716 0.012 0.022099447513812154
1 0.15266666666666667 0.5436966348568558 0.012 0.016574585635359115
1 0.5285 0.5203415369161225 0.07433333333333333 0.022099447513812154
1 0.7256666666666667 0.4972375690607735 0.03333333333333333 0.027122049221496736
1 0.19983333333333334 0.5434455047714716 0.007 0.014063284781516826
1 0.321 0.5429432446007032 0.024 0.013058764439979909
1 0.427 0.5133098945253641 0.024 0.013058764439979909
1 0.457 0.5321446509291813 0.006666666666666667 0.011551983927674536