1 0.5509072580645161 0.40412186379928317 0.04536290322580645 0.08422939068100359
1 0.4067540322580645 0.3888888888888889 0.05141129032258065 0.1039426523297491
1 0.1381048387096774 0.3897849462365591 0.07258064516129033 0.0985663082437276
1 0.047379032258064516 0.46774193548387094 0.046370967741935484 0.10752688172043011
1 0.19506048387096775 0.492831541218638 0.02721774193548387 0.05017921146953405
1 0.34274193548387094 0.5044802867383512 0.04435483870967742 0.04121863799283154
1 0.2817540322580645 0.4175627240143369 0.037298387096774195 0.03942652329749104
1 0.27419354838709675 0.36379928315412186 0.03225806451612903 0.04659498207885305
1 0.4727822580645161 0.496415770609319 0.02620967741935484 0.02867383512544803
1 0.6290322580645161 0.460573476702509 0.024193548387096774 0.04659498207885305
1 0.688508064516129 0.40412186379928317 0.04233870967741935 0.06989247311827956
1 0.6088709677419355 0.49014336917562723 0.016129032258064516 0.03763440860215054
1 0.5882056451612904 0.35663082437275984 0.023185483870967742 0.04659498207885305
1 0.3623991935483871 0.33691756272401435 0.03125 0.021505376344086023
1 0.3316532258064516 0.3835125448028674 0.020161290322580645 0.07168458781362007
1 0.35080645161290325 0.4444444444444444 0.016129032258064516 0.017921146953405017
1 0.6839717741935484 0.3333333333333333 0.019153225806451613 0.03225806451612903