1 0.6395833333333333 0.106875 0.1525 0.20625
1 0.3595833333333333 0.698125 0.04083333333333333 0.10875
1 0.41833333333333333 0.73875 0.03166666666666667 0.085
1 0.25375 0.700625 0.04083333333333333 0.05875
1 0.58625 0.684375 0.06416666666666666 0.07625
1 0.49291666666666667 0.72 0.0475 0.055
1 0.5175 0.638125 0.035 0.05625
1 0.6495833333333333 0.689375 0.05416666666666667 0.06375
1 0.79125 0.6375 0.1625 0.165
1 0.7291666666666666 0.944375 0.018333333333333333 0.02875
1 0.18458333333333332 0.93 0.04416666666666667 0.0525
1 0.5708333333333333 0.941875 0.021666666666666667 0.04875
1 0.8608333333333333 0.9525 0.07666666666666666 0.095
1 0.5979166666666667 0.531875 0.03916666666666667 0.04125
1 0.6825 0.526875 0.015 0.03625
1 0.65125 0.546875 0.0125 0.02125
1 0.6316666666666667 0.5425 0.006666666666666667 0.03
1 0.35583333333333333 0.945625 0.02 0.01875