1 0.222265625 0.5201388888888889 0.07421875 0.07361111111111111
1 0.507421875 0.29583333333333334 0.09453125 0.1111111111111111
1 0.662890625 0.3472222222222222 0.05390625 0.06944444444444445
1 0.7203125 0.42986111111111114 0.0515625 0.04861111111111111
1 0.8984375 0.4 0.0265625 0.03611111111111111
1 0.931640625 0.3888888888888889 0.02578125 0.03611111111111111
1 0.768359375 0.4513888888888889 0.02421875 0.044444444444444446
1 0.802734375 0.39791666666666664 0.02890625 0.029166666666666667
1 0.811328125 0.4534722222222222 0.04609375 0.0375
1 0.6375 0.44930555555555557 0.04375 0.05416666666666667
1 0.455078125 0.5 0.05546875 0.07777777777777778
1 0.36875 0.5256944444444445 0.04375 0.043055555555555555
1 0.414453125 0.5215277777777778 0.02890625 0.0375
1 0.42109375 0.4361111111111111 0.0171875 0.06388888888888888
1 0.591015625 0.46041666666666664 0.01171875 0.02361111111111111