1 0.13 0.5758928571428571 0.085 0.049107142857142856
1 0.071875 0.49776785714285715 0.09125 0.05803571428571429
1 0.724375 0.5625 0.05875 0.10267857142857142
1 0.599375 0.5457589285714286 0.05875 0.078125
1 0.921875 0.44308035714285715 0.04125 0.060267857142857144
1 0.69625 0.4341517857142857 0.0425 0.05580357142857143
1 0.55 0.4174107142857143 0.04 0.049107142857142856
1 0.5925 0.47544642857142855 0.0325 0.044642857142857144
1 0.85 0.421875 0.015 0.03571428571428571
1 0.868125 0.44308035714285715 0.00875 0.029017857142857144
1 0.778125 0.40736607142857145 0.03125 0.024553571428571428
1 0.804375 0.5334821428571429 0.02375 0.03125
1 0.540625 0.46205357142857145 0.03125 0.03571428571428571
1 0.42 0.4263392857142857 0.0175 0.026785714285714284
1 0.356875 0.4921875 0.02375 0.029017857142857144