1 0.625 0.7584269662921348 0.1 0.24719101123595505
1 0.4930555555555556 0.7724719101123596 0.10277777777777777 0.20786516853932585
1 0.3972222222222222 0.7752808988764045 0.027777777777777776 0.15730337078651685
1 0.31666666666666665 0.7837078651685393 0.09444444444444444 0.16292134831460675
1 0.7388888888888889 0.8117977528089888 0.03888888888888889 0.06179775280898876
1 0.8458333333333333 0.8146067415730337 0.13055555555555556 0.07865168539325842
1 0.8486111111111111 0.14325842696629212 0.275 0.2640449438202247
1 0.5625 0.23314606741573032 0.2916666666666667 0.4438202247191011
1 0.6708333333333333 0.46629213483146065 0.19166666666666668 0.3146067415730337
1 0.8527777777777777 0.47191011235955055 0.12222222222222222 0.29213483146067415
1 0.15555555555555556 0.49157303370786515 0.15555555555555556 0.7247191011235955